[System]
Version=0.0.2.4
MaxSamples=10000
TriggerI=0.3
TriggerU=1
ChIColor=255
ChUColor=16711680
TriggerUena=0
TriggerIena=0
[Setup]
Top=689
Left=1566
Width=1555
Height=909
ComPort=COM7
[PCM1802]
Smps=100000
Chnl=3
UI=0
Uk=1.1015E-6
Uz=9.16742794
Ik=1.78814E-6
Iz=0.4628709
